# Camera list with one line of data per camera:
#   CAMERA_ID, MODEL, WIDTH, HEIGHT, PARAMS[]
# Number of cameras: 19
1 SIMPLE_RADIAL 1706 1279 1185.1512844511269 853 639.5 -0.043050351204186217
2 SIMPLE_RADIAL 4096 3072 2776.4381343682116 2048 1536 -0.031277973608911526
3 SIMPLE_RADIAL 1706 1279 1199.3742592025637 853 639.5 -0.041544720174102663
4 SIMPLE_RADIAL 1706 1279 1201.1609827772138 853 639.5 -0.04751192283797339
5 SIMPLE_RADIAL 4096 3072 2809.9642369729077 2048 1536 -0.035565564391378666
6 SIMPLE_RADIAL 1706 1279 1182.1123504800953 853 639.5 -0.043350352071672066
7 SIMPLE_RADIAL 4096 3072 2769.3996796732554 2048 1536 -0.029743775358853974
8 SIMPLE_RADIAL 1706 1279 1182.2809171874642 853 639.5 -0.039676777840243815
9 SIMPLE_RADIAL 4096 3072 2826.6773013611 2048 1536 -0.034140969994196475
10 SIMPLE_RADIAL 1706 1279 1202.7285602223765 853 639.5 -0.044167827634898418
11 SIMPLE_RADIAL 4096 3072 2779.4236573126764 2048 1536 -0.031778503872789708
12 SIMPLE_RADIAL 4096 3072 2829.372102740203 2048 1536 -0.036439212483931532
13 SIMPLE_RADIAL 1706 1279 1186.9053432334213 853 639.5 -0.043256045426909383
14 SIMPLE_RADIAL 1706 1279 1190.489257554812 853 639.5 -0.042037084084442636
15 SIMPLE_RADIAL 1706 1279 1147.412595183001 853 639.5 -0.038733470365252515
16 SIMPLE_RADIAL 1706 1279 1187.8436697503062 853 639.5 -0.042826004896849207
17 SIMPLE_RADIAL 1706 1279 1192.8294221964159 853 639.5 -0.042222180430745146
18 SIMPLE_RADIAL 4096 3072 2778.2522066136075 2048 1536 -0.02740966499245389
19 SIMPLE_RADIAL 4096 3072 2767.7882283219456 2048 1536 -0.0292733522817046
